0.0
0.6
1.2
1.8
2.399
2.995
3.5
4.1
4.7
5.296
5.799
6.3
6.895
7.399
7.995
8.499
9.0
9.6
10.199
10.699
11.2
11.799
12.3
12.899
13.399
13.9
14.499
15.0
15.598
16.199
16.8
17.301
17.896
18.4
18.999
19.5
20.1
20.6
21.2
21.795
22.4
22.999
23.5
24.0
24.598
25.099
25.7
26.3
26.9
27.5
28.099
28.599
29.1
29.699
30.2
30.7
31.299
31.8
32.399
32.9
33.495
33.999
34.5
35.101
35.696
36.203
36.798
37.299
37.799
38.301
38.896
39.399
39.9
40.499
41.1
41.698
42.199
42.7
43.299
43.799
44.3
44.9
45.499
46.0
46.599
47.1
47.6
48.199
48.699
49.2
49.799
50.4
50.9
51.5
52.101
52.7
53.3
53.801
54.4
55.0
55.6
56.1
56.6
57.197
57.7
58.3
58.9
59.4
60.0
60.599
61.201
61.8
62.4
62.996
63.499
64.0
64.599
65.1
65.6
66.201
66.8
67.3
67.901
