49.75
50.25
50.75
51.25
51.75
52.25
52.75
53.25
53.76
54.26
54.76
55.26
55.76
56.26
56.77
57.27
57.77
58.27
58.77
59.28
59.78
60.28
60.78
61.29
61.79
62.29
62.79
63.3
63.8
64.3
64.8
65.31
65.81
66.31
66.81
67.31
67.81
68.33
68.83
69.33
69.84
70.34
70.84
71.34
71.84
72.34
72.86
73.36
73.87
74.37
74.87
75.38
75.88
76.39
76.89
77.4
77.9
78.4
78.91
79.41
79.92
80.42
80.93
81.43
81.94
82.44
82.95
83.45
83.96
84.46
84.97
85.47
85.98
86.48
86.99
87.5
88.0
88.51
89.01
89.52
90.03
90.53
91.04
91.54
92.05
92.56
93.06
93.57
94.08
94.58
95.09
95.59
96.1
96.61
97.12
97.62
98.13
98.64
99.14
99.65
100.16
100.66
101.17
101.68
102.19
102.69
103.2
103.71
104.22
104.73
105.23
105.74
106.25
106.76
107.26
107.77
108.28
108.79
109.3
109.81
110.31
110.82
111.33
111.84
112.35
112.86
113.37
113.88
114.38
114.89
115.4
115.91
116.42
116.93
117.44
117.95
118.46
118.97
119.48
119.99
120.5
121.01
121.52
122.03
122.54
123.05
123.56
124.07
124.58
125.09
125.6
126.11
126.62
127.13
127.64
128.15
128.66
129.16
129.68
130.19
130.69
131.21
131.72
132.24
132.75
133.26
133.77
134.28
134.79
135.3
135.82
136.33
136.84
137.35
137.86
138.37
138.88
139.4
139.91
140.41
140.93
141.44
141.96
142.47
142.97
143.5
144.01
144.52
145.03
145.55
146.06
146.57
147.08
147.6
148.11
148.62
149.13
149.65
150.16
150.68
151.19
151.69
152.22
152.72
153.24
153.76
154.27
154.78
155.3
155.81
156.33
156.84
157.35
157.87
158.38
158.9
159.41
159.93
160.44
160.94
161.47
161.97
162.5
163.01
163.53
164.04
164.56
165.07
165.59
166.1
166.62
167.13
167.65
168.16
168.68
169.19
169.71
170.23
170.74
171.26
171.77
172.29
172.8
173.32
173.84
174.35
174.87
175.39
175.9
176.42
176.93
177.45
177.97
178.48
179.0
179.52
180.03
180.55
181.07
181.58
182.1
182.62
183.14
183.65
184.17
184.69
185.2
185.72
186.24
186.76
187.27
187.79
188.31
188.83
189.35
189.86
190.38
190.9
191.42
191.94
192.45
192.97
193.49
194.01
194.53
195.05
195.56
196.08
196.6
197.12
197.64
198.16
198.68
199.2
199.71
200.23
200.75
201.27
201.79
202.31
202.83
203.35
203.87
204.39
204.91
205.43
205.95
206.47
206.99
207.51
208.03
208.55
209.07
209.59
210.11
210.63
211.15
211.67
212.19
212.71
213.23
213.75
214.27
214.79
215.31
215.83
216.35
216.88
217.4
217.92
218.44
218.96
219.48
220.0
220.52
221.05
221.57
222.09
222.61
223.13
223.65
224.18
224.7
225.22
225.74
226.26
226.79
227.31
227.83
228.35
228.88
229.4
229.92
230.44
230.97
231.49
232.01
232.53
233.06
233.58
234.1
234.63
235.15
235.67
236.19
236.72
237.24
237.76
238.29
238.81
239.34
239.86
240.38
240.91
241.43
241.95
242.48
243.0
243.53
244.05
244.57
245.1
245.62
246.15
246.67
247.2
247.72
248.24
248.77
249.29
249.82
250.34
250.87
251.39
251.92
252.44
252.97
253.49
254.02
254.54
255.07
255.59
256.12
256.64
257.17
257.7
258.22
258.75
259.27
259.8
260.33
260.85
261.38
261.89
262.43
262.95
263.48
264.01
264.52
265.06
265.58
266.11
266.64
267.17
267.69
268.22
268.75
269.27
269.8
270.33
270.86
271.38
271.91
272.44
272.95
273.49
274.02
274.55
275.07
275.6
276.13
276.66
277.19
277.7
278.24
278.77
279.3
279.83
280.35
280.88
281.41
281.94
282.47
282.99
283.52
284.05
284.58
285.11
285.64
286.17
286.7
287.22
287.75
288.27
288.81
289.33
289.87
290.39
290.93
291.45
291.99
292.52
293.05
293.58
294.11
294.63
295.16
295.69
296.22
296.75
297.27
297.81
298.33
298.87
299.39
299.93
300.47
301.0
301.52
302.06
302.58
303.12
303.64
304.18
304.7
305.24
305.77
306.3
306.83
307.36
307.89
308.43
308.95
309.49
310.02
310.55
311.08
311.62
312.14
312.68
313.2
313.74
314.27
314.81
315.33
315.87
316.39
316.93
317.47
318.0
318.52
319.06
319.6
320.13
320.66
321.19
321.73
322.26
322.79
323.32
323.86
324.39
324.92
325.45
325.99
326.52
327.06
327.58
328.12
328.66
329.19
329.72
330.26
330.79
331.32
331.86
332.39
332.92
333.46
333.99
334.53
335.06
335.59
336.13
336.66
337.2
337.73
338.27
338.8
339.33
339.87
340.4
340.94
341.47
342.01
342.54
343.08
343.61
344.15
344.68
345.22
345.75
346.29
346.82
347.36
347.89
348.43
348.97
349.5
350.04
350.57
351.11
351.64
352.18
352.72
353.25
353.79
354.32
354.86
355.4
355.93
356.47
357.01
357.54
358.08
358.62
359.15
359.69
360.23
360.76
361.3
361.84
362.37
362.91
363.45
363.98
364.52
365.06
365.6
366.13
366.67
367.21
367.75
368.28
368.82
369.36
369.9
370.43
370.97
371.51
372.05
372.59
373.12
373.66
374.2
374.74
375.28
375.82
376.35
376.89
377.43
377.97
378.51
379.05
379.59
380.12
380.66
381.2
381.74
382.28
382.82
383.36
383.9
384.44
384.98
385.52
386.06
386.59
387.13
387.67
388.21
388.75
389.29
389.83
390.37
390.91
391.45
391.99
392.53
393.07
393.61
394.15
394.69
395.23
395.77
396.32
396.86
397.4
397.94
398.48
399.02
399.56
400.1
400.64
401.18
401.72
402.26
402.81
403.35
403.89
404.43
404.97
405.51
406.05
406.6
407.14
407.68
408.22
408.76
409.3
409.85
410.39
410.93
411.47
412.01
412.56
413.1
413.64
414.18
414.73
415.27
415.81
416.35
416.9
417.44
417.98
418.52
419.07
419.61
420.15
420.7
421.24
421.78
422.32
422.87
423.41
423.95
424.5
425.04
425.58
426.13
426.67
427.22
427.76
428.3
428.85
429.39
429.93
430.48
431.02
431.57
432.11
432.66
433.2
433.74
434.29
434.83
435.38
435.92
436.47
437.01
437.56
438.1
438.65
439.19
439.74
440.28
440.83
441.37
441.92
442.46
443.01
443.55
444.1
444.64
445.19
445.73
446.28
446.82
447.37
447.92
448.46
449.01
449.55
450.1
450.65
451.19
451.74
452.28
452.83
453.38
453.92
454.47
455.02
455.56
456.11
456.66
457.2
457.75
458.3
458.84
459.39
459.94
460.48
461.03
461.58
462.12
462.67
463.22
463.77
464.31
464.86
465.41
465.96
466.5
467.05
467.6
468.15
468.7
469.24
469.79
470.34
470.89
471.44
471.98
472.53
473.08
473.63
474.18
474.72
475.27
475.82
476.37
476.92
477.47
478.02
478.57
479.11
479.66
480.21
480.76
481.31
481.86
482.41
482.96
483.51
484.06
484.61
485.16
485.7
486.25
486.8
487.35
487.9
488.45
489.0
489.55
490.1
490.65
491.2
491.75
492.3
492.85
493.4
493.95
494.5
495.05
495.61
496.16
496.71
497.26
497.81
498.36
498.91
499.46
500.01
500.56
501.11
501.66
502.22
502.77
503.32
503.87
504.42
504.97
505.52
506.07
506.63
507.18
507.73
508.28
508.83
509.39
509.94
510.49
511.04
511.59
512.14
512.7
513.25
513.79
514.35
514.91
515.46
516.01
516.54
517.12
517.66
518.22
518.77
519.33
519.88
520.41
520.99
521.54
522.09
522.64
523.2
523.75
524.29
524.86
525.41
525.96
526.52
527.07
527.63
528.16
528.73
529.29
529.84
530.39
530.95
531.5
532.04
532.61
533.16
533.72
534.27
534.83
535.38
535.94
536.49
537.04
537.6
538.15
538.71
539.26
539.82
540.37
540.91
541.48
542.04
542.59
543.15
543.7
544.26
544.79
545.37
545.91
546.48
547.03
547.59
548.15
548.7
549.26
549.79
550.37
550.91
551.48
552.04
552.59
553.15
553.7
554.26
554.82
555.37
555.91
556.49
557.04
557.6
558.15
558.71
559.27
559.82
560.38
560.94
561.49
562.04
562.61
563.16
563.72
564.28
564.84
565.39
565.95
566.51
567.07
567.62
568.16
568.74
569.29
569.85
570.41
570.97
571.53
572.08
572.64
573.2
573.76
574.32
574.87
575.41
575.99
576.54
577.11
577.66
578.22
578.78
579.34
579.9
580.46
581.02
581.57
582.13
582.69
583.25
583.79
584.37
584.91
585.49
586.04
586.61
587.16
587.72
588.28
588.84
589.4
589.96
590.52
591.08
591.64
592.2
592.76
593.32
593.88
594.44
595.0
595.54
596.12
596.66
597.24
597.79
598.36
598.91
599.48
600.04
600.6
601.16
601.72
602.28
602.84
603.4
603.97
604.53
605.09
605.65
606.21
606.77
607.33
607.89
608.45
609.01
609.58
610.14
610.7
611.26
611.82
612.38
612.95
613.51
614.07
614.63
615.19
615.75
616.32
616.88
617.44
618.0
618.54
619.13
619.69
620.25
620.79
621.38
621.94
622.5
623.04
623.63
624.19
624.75
625.29
625.88
626.44
627.0
627.54
628.13
628.69
629.25
629.82
630.38
630.94
631.51
632.07
632.63
633.2
633.76
634.32
634.89
635.45
636.02
636.58
637.14
637.71
638.27
638.83
639.4
639.96
640.53
641.09
641.65
642.22
642.78
643.35
643.91
644.48
645.04
645.61
646.16
646.74
647.29
647.86
648.41
648.99
649.54
650.12
650.69
651.25
651.82
652.38
652.95
653.52
654.08
654.65
655.21
655.78
656.34
656.91
657.47
658.04
658.61
659.17
659.74
660.3
660.87
661.43
662.0
662.57
663.13
663.7
664.27
664.83
665.4
665.96
666.53
667.1
667.66
668.23
668.8
669.36
669.93
670.5
671.06
671.63
672.2
672.77
673.33
673.9
674.47
675.03
675.6
676.17
676.74
677.3
677.87
678.44
679.01
679.57
680.14
680.71
681.28
681.84
682.41
682.98
683.55
684.12
684.68
685.25
685.82
686.39
686.96
687.53
688.09
688.66
689.23
689.8
690.37
690.94
691.5
692.07
692.64
693.21
693.78
694.35
694.92
695.49
696.06
696.62
697.19
697.76
698.33
698.9
699.47
700.04
700.61
701.18
701.75
702.32
702.89
703.46
704.03
704.6
705.17
705.74
706.31
706.88
707.45
708.02
708.59
709.16
709.73
710.3
710.87
711.44
712.01
712.58
713.15
713.72
714.29
714.86
715.43
716.0
716.58
717.15
717.72
718.29
718.86
719.43
720.0
720.57
721.14
721.72
722.29
722.86
723.43
724.0
724.57
725.14
725.72
726.29
726.86
727.43
728.0
728.57
729.15
729.72
730.29
730.86
731.43
732.01
732.58
733.15
733.72
734.3
734.87
735.44
736.01
736.59
737.16
737.73
738.3
738.88
739.45
740.02
740.6
741.17
741.74
742.31
742.89
743.46
744.03
744.61
745.18
745.75
746.33
746.9
747.47
748.05
748.62
749.2
749.77
750.34
750.92
751.49
752.06
752.64
753.21
753.79
754.36
754.93
755.51
756.08
756.66
757.23
757.81
758.38
758.96
759.53
760.1
760.68
761.25
761.83
762.4
762.98
763.55
764.13
764.7
765.28
765.85
766.43
767.0
767.58
768.15
768.73
769.3
769.88
770.46
771.03
771.61
772.18
772.76
773.33
773.91
774.48
775.06
775.64
776.21
776.79
777.36
777.94
778.52
779.09
779.67
780.25
780.82
781.4
781.97
782.55
783.13
783.7
784.28
784.86
785.43
786.01
786.59
787.16
787.74
788.32
788.9
789.47
790.05
790.63
791.2
791.78
792.36
792.94
793.51
794.09
794.67
795.25
795.82
796.4
796.98
797.56
798.13
798.71
799.29
799.87
800.45
801.02
801.6
802.18
802.76
803.34
803.91
804.49
805.07
805.65
806.23
806.81
807.39
807.96
808.54
809.12
809.7
810.28
810.86
811.44
812.02
812.59
813.17
813.75
814.33
814.91
815.49
816.07
816.65
817.23
817.81
818.39
818.97
819.55
820.13
820.7
821.28
821.86
822.44
823.02
823.6
824.18
824.76
825.34
825.92
826.5
827.08
827.66
828.24
828.82
829.41
829.99
830.57
831.15
831.73
832.31
832.89
833.47
834.05
834.63
835.21
835.79
836.37
836.95
837.54
838.12
838.7
839.28
839.86
840.44
841.02
841.6
842.18
842.77
843.35
843.93
844.51
845.09
845.67
846.26
846.84
847.42
848.0
848.58
849.17
849.75
850.33
850.91
851.49
852.08
852.66
853.24
853.82
854.41
854.99
855.57
856.15
856.74
857.32
857.9
858.48
859.07
859.65
860.23
860.81
861.4
861.98
862.56
863.15
863.73
864.31
864.9
865.48
866.06
866.65
867.23
867.81
868.4
868.98
869.56
870.15
870.73
871.31
871.9
872.48
873.07
873.65
874.23
874.82
875.4
875.99
876.57
877.15
877.74
878.32
878.91
879.49
880.08
880.66
881.25
881.83
882.41
883.0
883.58
884.17
884.75
885.34
885.92
886.51
887.09
887.68
888.26
888.85
889.43
890.02
890.6
891.19
891.77
892.36
892.95
893.53
894.12
894.7
895.29
895.87
896.46
897.04
897.63
898.22
898.8
899.39
899.97
900.56
901.15
901.73
902.32
902.91
903.49
904.08
904.66
905.25
905.84
906.42
907.01
907.6
908.18
908.77
909.36
909.94
910.53
911.12
911.7
912.29
912.88
913.47
914.05
914.64
915.23
915.81
916.4
916.99
917.58
918.16
918.75
919.34
919.93
920.51
921.1
921.69
922.28
922.86
923.45
924.04
924.63
925.22
925.8
926.39
926.98
927.57
928.16
928.75
929.33
929.92
930.51
931.1
931.69
932.28
932.86
933.45
934.04
934.63
935.22
935.81
936.4
936.99
937.57
938.16
938.75
939.34
939.93
940.52
941.11
941.7
942.29
942.88
943.47
944.06
944.64
945.23
945.82
946.41
947.0
947.59
948.18
948.77
949.36
949.95
950.54
951.13
951.72
952.31
952.9
953.49
954.08
954.67
955.26
955.85
956.44
957.03
957.62
958.22
958.81
959.4
959.99
960.58
961.17
961.76
962.35
962.94
963.53
964.12
964.71
965.31
965.9
966.49
967.08
967.67
968.26
968.85
969.44
970.04
970.63
971.22
971.81
972.4
972.99
973.58
974.18
974.77
975.36
975.95
976.54
977.14
977.73
978.32
978.91
979.5
980.1
980.69
981.28
981.87
982.47
983.06
983.65
984.24
984.83
985.43
986.02
986.61
987.21
987.8
988.39
988.98
989.58
990.17
990.76
991.36
991.95
992.54
993.14
993.73
994.32
994.91
995.51
996.1
996.69
997.29
997.88
998.48
999.07
999.66
1000.26
1000.85
1001.44
1002.04
1002.63
1003.23
1003.82
1004.41
1005.01
1005.6
1006.2
1006.79
1007.38
1007.98
1008.57
1009.17
1009.76
1010.36
1010.95
1011.54
1012.14
1012.73
1013.33
1013.92
1014.52
1015.11
1015.71
1016.3
1016.9
1017.49
1018.09
1018.68
1019.28
1019.87
1020.47
1021.06
1021.66
1022.25
1022.85
1023.44
1024.04
1024.64
1025.23
1025.83
1026.42
1027.02
1027.59
1028.21
1028.8
1029.4
1030.0
1030.58
1031.19
1031.78
1032.38
1032.98
1033.57
1034.17
1034.77
1035.34
1035.96
1036.55
1037.15
1037.75
1038.33
1038.94
1039.54
1040.13
1040.73
1041.33
1041.92
1042.52
1043.1
1043.71
1044.31
1044.91
1045.5
1046.08
1046.7
1047.3
1047.89
1048.49
1049.08
1049.68
1050.28
1050.88
1051.48
1052.07
1052.67
1053.27
1053.85
1054.46
1055.06
1055.66
1056.26
1056.84
1057.45
1058.05
1058.65
1059.25
1059.83
1060.44
1061.04
1061.64
1062.24
1062.83
1063.43
1064.03
1064.63
1065.23
1065.83
1066.43
1067.03
1067.6
1068.22
1068.82
1069.42
1070.02
1070.6
1071.22
1071.82
1072.41
1073.01
1073.59
1074.21
1074.81
1075.41
1076.01
1076.59
1077.21
1077.81
1078.41
1079.01
1079.59
1080.2
1080.8
1081.4
1082.0
1082.58
1083.2
1083.8
1084.4
1085.0
1085.58
1086.2
1086.8
1087.4
1088.0
1088.58
1089.2
1089.8
1090.4
1091.0
1091.58
1092.2
1092.8
1093.4
1094.01
1094.59
1095.21
1095.81
1096.41
1097.01
1097.59
1098.21
1098.81
1099.41
1100.01
1100.59
1101.21
1101.82
1102.42
1103.02
1103.6
1104.22
1104.82
1105.42
1106.02
1106.63
1107.23
1107.83
1108.43
1109.03
1109.63
1110.23
1110.83
1111.44
1112.04
1112.64
1113.24
1113.83
1114.45
1115.05
1115.65
1116.25
1116.84
1117.46
1118.06
1118.66
1119.26
1119.85
1120.47
1121.07
1121.67
1122.28
1122.88
1123.48
1124.08
1124.69
1125.29
1125.89
1126.49
1127.08
1127.7
1128.3
1128.91
1129.51
1130.09
1130.71
1131.32
1131.92
1132.52
1133.13
1133.73
1134.33
1134.94
1135.54
1136.14
1136.75
1137.33
1137.95
1138.56
1139.16
1139.77
1140.35
1140.97
1141.58
1142.18
1142.78
1143.39
1143.99
1144.58
1145.2
1145.8
1146.41
1147.01
1147.6
1148.22
1148.83
1149.43
1150.03
1150.64
1151.24
1151.83
1152.45
1153.06
1153.66
1154.27
1154.85
1155.48
1156.08
1156.69
1157.29
1157.9
1158.5
1159.09
1159.71
1160.32
1160.92
1161.53
1162.13
1162.74
1163.33
1163.95
1164.55
1165.16
1165.76
1166.35
1166.97
1167.58
1168.19
1168.79
1169.4
1170.0
1170.59
1171.21
1171.82
1172.43
1173.03
1173.64
1174.24
1174.83
1175.46
1176.06
1176.67
1177.28
1177.88
1178.49
1179.08
1179.7
1180.31
1180.91
1181.52
1182.13
1182.73
1183.33
1183.95
1184.55
1185.16
1185.77
1186.35
1186.98
1187.58
1188.19
1188.8
1189.41
1190.02
1190.6
1191.23
1191.83
